$ANSIBLE_VAULT;1.1;AES256
30633135663133343232393234646664336336306563626532373530653034626332373038376139
3630643635636534363039363531386233306638636434370a393834653733386431653834373862
36613838653463383832303438356137613930356137316530333765343134386662613631356663
3139663132336231390a613730343034353632383434656131646263326330343034653737656562
66326333386266623165366562313063363864326630363038363235626265633231643261386132
31333964326335326565396463316366636634316630343063306462313930303861633333393765
64356130363762393635343937333230373836633831353265656433353762653935383361326132
31356263313438363836653939333730626462366230346638633233353635393935643233616236
33356234363666616566333333376166373736373332653230323165653330613864663966386163
39656135396534353861383339656364343534666432356535613834633633646334643039363933
36653662373963356139356231343762316339383264313464326437343434393334623432313233
65356661303462613234303861633737366637626366663439613435656132383335386235653731
64356339303965613864383133613833326661656465653132376638343066613531336333346233
37336439376164383835306661373066613863396433336536366439616336646165666430366566
37356539636164383039346438373734366166653433313065323265353235353661316265663662
32303332623466633636336332396662326465623966323832303639383539393938306532623562
32633636633762346139653965353233393665363232666332636533653331313963343733363636
38656139373436653632613762313264613934656461626330396635333666343564646535343333
31623661336332646635643964356636643235663136336433663832663138323839396238646132
62636539343138666136336630336433353563336566393830363237313237313830666462363030
30383538313837653961613132363564643565353534376163663838616631663763353066373631
3961383661663030386664346235656263373761656166326466
