$ANSIBLE_VAULT;1.1;AES256
61613866303765613730366666306561326639623534653065653864366539393765613930656532
3361336166323162373765353139356437346230643339310a323762646539613334333261383065
61346661616564343330613062646464363936323063653133316364313337313439376634336664
3765313161356563640a343134333838633535656331633033376163303562623466366331623461
30343032653835313937303631386562623336653633643966633463356431636561396136326361
61616565313762323164336236613730363661316464386138386632353666393364386136663039
35366432623263313764623234323638636433366636336430643365316235303331303132656339
62363933653734396331393534326533636331363863663733333230323835393534343231363164
38343961343934653366313061666432326164373865393235353463343863376437626363663138
36623762303161326664313962306135313637386339636363353531326562383065373933663265
36633432643032626262643139383563663966363965386133386430653764366364303130316235
61623835353032313161386233653965636531323863623636663833383639393163313061356261
31613333316234383139323832333537363162666365663864386634623864363664643236636336
34626534333166653333623530646135336233643330643062636336633936376163336261663736
63343865343030613766333030643932396134363966666534386634316237326261626530353130
65303539313130303964396338356130343665323333363934373665336662333736316335366361
35306331626166303639623834613631333633376637326330356330633832383333376234613538
62633462393365363837373566326331373466383163653333343963613037653930633165643939
63333834313431363732386162386238336563353466663764623930656633363435363433643630
36346166646331386563
